service_id,monday,tuesday,wednesday,thursday,friday,saturday,sunday,start_date,end_date
GNX1 SCH MF,0,0,0,0,0,0,0,20240512,20240810
GR4 SU,0,0,0,0,0,0,0,20240512,20240810
9A SHOW MF,0,0,0,0,0,0,0,20240512,20240810
RUB1 MF,0,0,0,0,0,0,0,20240512,20240810
T2 SA,0,0,0,0,0,0,0,20240512,20240810
9B SHOW MF,0,0,0,0,0,0,0,20240512,20240810
Y4 SA,0,0,0,0,0,0,0,20240512,20240810
NEW N1 MF,0,0,0,0,0,0,0,20240512,20240810
BA2 NOSCH MF,0,0,0,0,0,0,0,20240512,20240810
16A 2 SHOW MF,0,0,0,0,0,0,0,20240512,20240810
R1 SA,0,0,0,0,0,0,0,20240512,20240810
LM1 SU,0,0,0,0,0,0,0,20240512,20240810
8E 5E SHOW WED,0,0,0,0,0,0,0,20240512,20240810
L1 MF,0,0,0,0,0,0,0,20240512,20240810
9B 7E SHOW MF,0,0,0,0,0,0,0,20240512,20240810
P2 NOSCH MF,0,0,0,0,0,0,0,20240512,20240810
GR4 SA,0,0,0,0,0,0,0,20240512,20240810
7W 5E HSEO,0,0,0,0,0,0,0,20240512,20240810
1N 2 SHO HSEO,0,0,0,0,0,0,0,20240512,20240810
B3 SCH MF,0,0,0,0,0,0,0,20240512,20240810
5W 4 SHOW MF,0,0,0,0,0,0,0,20240512,20240810
L1 SA,0,0,0,0,0,0,0,20240512,20240810
5W 2 SHO HSEO,0,0,0,0,0,0,0,20240512,20240810
6E 7W SHOW WED,0,0,0,0,0,0,0,20240512,20240810
BZ1 SCH MF,0,0,0,0,0,0,0,20240512,20240810
I1 SA,0,0,0,0,0,0,0,20240512,20240810
BZ1 NOSCH MF,0,0,0,0,0,0,0,20240512,20240810
B4 HS EO,0,0,0,0,0,0,0,20240512,20240810
T1 NONUI MF,0,0,0,0,0,0,0,20240512,20240810
Y2 UI,0,0,0,0,0,0,0,20240512,20240810
GNX5 MF,0,0,0,0,0,0,0,20240512,20240810
6E SHOW MTTF,0,0,0,0,0,0,0,20240512,20240810
T1 SU,0,0,0,0,0,0,0,20240512,20240810
I8 4S SCH MTTF,0,0,0,0,0,0,0,20240512,20240810
5W 3 SHOW MF,0,0,0,0,0,0,0,20240512,20240810
16B 1 SHOW MF,0,0,0,0,0,0,0,20240512,20240810
P1 MF,0,0,0,0,0,0,0,20240512,20240810
LN2 MF,0,0,0,0,0,0,0,20240512,20240810
SV4  NOSCH NONUI,0,0,0,0,0,0,0,20240512,20240810
7W 1 SHOW WED,0,0,0,0,0,0,0,20240512,20240810
T3 NONUI MF,0,0,0,0,0,0,0,20240512,20240810
5E UHS SHO WED,0,0,0,0,0,0,0,20240512,20240810
GN3 SCHOOL MF,0,0,0,0,0,0,0,20240512,20240810
Y3 SA,0,0,0,0,0,0,0,20240512,20240810
7E 2 SHOW WED,0,0,0,0,0,0,0,20240512,20240810
9A 10E 6E SHO MTTF,0,0,0,0,0,0,0,20240512,20240810
3N 9A SHO HSEO,0,0,0,0,0,0,0,20240512,20240810
LM1 SA,0,0,0,0,0,0,0,20240512,20240810
GN2 SU,0,0,0,0,0,0,0,20240512,20240810
P2 MF SCH,0,0,0,0,0,0,0,20240512,20240810
BB1 MF,0,0,0,0,0,0,0,20240512,20240810
7E 1 SHOW WED,0,0,0,0,0,0,0,20240512,20240810
RUB1 SU,0,0,0,0,0,0,0,20240512,20240810
T2 SU,0,0,0,0,0,0,0,20240512,20240810
BB2 MF,0,0,0,0,0,0,0,20240512,20240810
GN3 NOSCH,0,0,0,0,0,0,0,20240512,20240810
L2 SCH MF,0,0,0,0,0,0,0,20240512,20240810
GR2 MF,0,0,0,0,0,0,0,20240512,20240810
RUB 2 SCH WED,0,0,0,0,0,0,0,20240512,20240810
RUB 2 NO SCH,0,0,0,0,0,0,0,20240512,20240810
Y3 SU,0,0,0,0,0,0,0,20240512,20240810
R3 SA,0,0,0,0,0,0,0,20240512,20240810
I2 NONUI MF,0,0,0,0,0,0,0,20240512,20240810
LN3 MF,0,0,0,0,0,0,0,20240512,20240810
GN3 HSEO,0,0,0,0,0,0,0,20240512,20240810
5W 4 SHO HSEO,0,0,0,0,0,0,0,20240512,20240810
BZ2 WED,0,0,0,0,0,0,0,20240512,20240810
10W UHS UMS MF,0,0,0,0,0,0,0,20240512,20240810
3N 7E HSEO,0,0,0,0,0,0,0,20240512,20240810
16B#2 SHOW WED,0,0,0,0,0,0,0,20240512,20240810
G3 NON UI MF,0,0,0,0,0,0,0,20240512,20240810
16B 2 9A SHO MTTF,0,0,0,0,0,0,0,20240512,20240810
G5 NON UI MF,0,0,0,0,0,0,0,20240512,20240810
GN3 SCH WED,0,0,0,0,0,0,0,20240512,20240810
L2 SU,0,0,0,0,0,0,0,20240512,20240810
GN1 MF,0,0,0,0,0,0,0,20240512,20240810
GR1 SU,0,0,0,0,0,0,0,20240512,20240810
B2 MF,0,0,0,0,0,0,0,20240512,20240810
GNX4 MF,0,0,0,0,0,0,0,20240512,20240810
GNX1 NOSCH MF,0,0,0,0,0,0,0,20240512,20240810
SV4  NO SCH NONUI,0,0,0,0,0,0,0,20240512,20240810
GN1 SA,0,0,0,0,0,0,0,20240512,20240810
GN9 SHOW,0,0,0,0,0,0,0,20240512,20240810
GNX2 MF,0,0,0,0,0,0,0,20240512,20240810
GN2 SA,0,0,0,0,0,0,0,20240512,20240810
GN4 SA,0,0,0,0,0,0,0,20240512,20240810
1N SHOW 3 WED,0,0,0,0,0,0,0,20240512,20240810
GN9 WED,0,0,0,0,0,0,0,20240512,20240810
GR3 NON UI,0,0,0,0,0,0,0,20240512,20240810
GR1 MF NOSCH,0,0,0,0,0,0,0,20240512,20240810
RUB 2 SCH MTTF,0,0,0,0,0,0,0,20240512,20240810
O4 RUBY MF,0,0,0,0,0,0,0,20240512,20240810
B4 SCH MTTF,0,0,0,0,0,0,0,20240512,20240810
BA2 SCH MF,0,0,0,0,0,0,0,20240512,20240810
GNX3 MF,0,0,0,0,0,0,0,20240512,20240810
I1 NONUI MF,0,0,0,0,0,0,0,20240512,20240810
G6 NON UI MF,0,0,0,0,0,0,0,20240512,20240810
5W 1 SHO HSEO,0,0,0,0,0,0,0,20240512,20240810
G4 NON UI MF,0,0,0,0,0,0,0,20240512,20240810
9B 7E SHO MF,0,0,0,0,0,0,0,20240512,20240810
O1 MF,0,0,0,0,0,0,0,20240512,20240810
7E 5E SHOW MTTF,0,0,0,0,0,0,0,20240512,20240810
7W 5E AMSHOW MF,0,0,0,0,0,0,0,20240512,20240810
BZ2 SCH MTTF,0,0,0,0,0,0,0,20240512,20240810
Y4 SU,0,0,0,0,0,0,0,20240512,20240810
LM1 MF,0,0,0,0,0,0,0,20240512,20240810
I8 4S SCH WED,0,0,0,0,0,0,0,20240512,20240810
LM2 SA,0,0,0,0,0,0,0,20240512,20240810
3N SHOW MF,0,0,0,0,0,0,0,20240512,20240810
Y5 SA,0,0,0,0,0,0,0,20240512,20240810
Y2 NONUI MF,0,0,0,0,0,0,0,20240512,20240810
RV1 MF,0,0,0,0,0,0,0,20240512,20240810
16A 1 SHOW MF,0,0,0,0,0,0,0,20240512,20240810
GN9 MTTF,0,0,0,0,0,0,0,20240512,20240810
1S  SHOW 2,0,0,0,0,0,0,0,20240512,20240810
L2 NOSCH MF,0,0,0,0,0,0,0,20240512,20240810
I8 4S NOUI NOSCH,0,0,0,0,0,0,0,20240512,20240810
10E6E K12/URB ONLY,0,0,0,0,0,0,0,20240512,20240810
R2 MF,0,0,0,0,0,0,0,20240512,20240810
GR3 SU,0,0,0,0,0,0,0,20240512,20240810
3S 5W SHOW MF,0,0,0,0,0,0,0,20240512,20240810
5E SHOW 2 WED,0,0,0,0,0,0,0,20240512,20240810
7W SHOW WED,0,0,0,0,0,0,0,20240512,20240810
Y1 MF,0,0,0,0,0,0,0,20240512,20240810
1N SHOW 2,0,0,0,0,0,0,0,20240512,20240810
I2 SU,0,0,0,0,0,0,0,20240512,20240810
5W 3 SHO HSEO,0,0,0,0,0,0,0,20240512,20240810
LM2 SU,0,0,0,0,0,0,0,20240512,20240810
1S 8E SHOW MF,0,0,0,0,0,0,0,20240512,20240810
GNX1 SHO MTTF,0,0,0,0,0,0,0,20240512,20240810
7W 2 SHOW HSEO,0,0,0,0,0,0,0,20240512,20240810
GREY MF SHOW,0,0,0,0,0,0,0,20240512,20240810
B3 NOSCH MF,0,0,0,0,0,0,0,20240512,20240810
GN3 SU,0,0,0,0,0,0,0,20240512,20240810
SV1 SU,0,0,0,0,0,0,0,20240512,20240810
O2 MF,0,0,0,0,0,0,0,20240512,20240810
GR5 MF,0,0,0,0,0,0,0,20240512,20240810
9A 7W SHOW MTTF,0,0,0,0,0,0,0,20240512,20240810
GR2 SU,0,0,0,0,0,0,0,20240512,20240810
B1 MF,0,0,0,0,0,0,0,20240512,20240810
1N SHOW HSEO,0,0,0,0,0,0,0,20240512,20240810
GN3 NOSCH CHA,0,0,0,0,0,0,0,20240512,20240810
9A SHOW WED,0,0,0,0,0,0,0,20240512,20240810
GN5 SA,0,0,0,0,0,0,0,20240512,20240810
9B 7E SHO HSEO,0,0,0,0,0,0,0,20240512,20240810
NEW N2 MF,0,0,0,0,0,0,0,20240512,20240810
3N 1N SHOW,0,0,0,0,0,0,0,20240512,20240810
I1 SU,0,0,0,0,0,0,0,20240512,20240810
T1 SA,0,0,0,0,0,0,0,20240512,20240810
Y1 SA,0,0,0,0,0,0,0,20240512,20240810
SV1 SA,0,0,0,0,0,0,0,20240512,20240810
G1 NON UI MF,0,0,0,0,0,0,0,20240512,20240810
9B SHOW HSEO,0,0,0,0,0,0,0,20240512,20240810
GR5 SA,0,0,0,0,0,0,0,20240512,20240810
GN6 NOSCH MF,0,0,0,0,0,0,0,20240512,20240810
Y4 MF,0,0,0,0,0,0,0,20240512,20240810
LM2 MF,0,0,0,0,0,0,0,20240512,20240810
GR1 MF SCH,0,0,0,0,0,0,0,20240512,20240810
SV2 NON UI,0,0,0,0,0,0,0,20240512,20240810
GR1 SA,0,0,0,0,0,0,0,20240512,20240810
GN8 MF,0,0,0,0,0,0,0,20240512,20240810
I2 SA,0,0,0,0,0,0,0,20240512,20240810
BZ2 NOSCH MF,0,0,0,0,0,0,0,20240512,20240810
RUB1 SA,0,0,0,0,0,0,0,20240512,20240810
1N 16B2 MTTF,0,0,0,0,0,0,0,20240512,20240810
5E SHOW MF,0,0,0,0,0,0,0,20240512,20240810
GN7 NON UI,0,0,0,0,0,0,0,20240512,20240810
GR2 SA,0,0,0,0,0,0,0,20240512,20240810
Y5 SU,0,0,0,0,0,0,0,20240512,20240810
GN2 MF,0,0,0,0,0,0,0,20240512,20240810
GR3 SA,0,0,0,0,0,0,0,20240512,20240810
GN9 NO SCH,0,0,0,0,0,0,0,20240512,20240810
R2 SA,0,0,0,0,0,0,0,20240512,20240810
Y5 NONUI MF,0,0,0,0,0,0,0,20240512,20240810
5E SHOW 1 WED,0,0,0,0,0,0,0,20240512,20240810
1N SHOW MF,0,0,0,0,0,0,0,20240512,20240810
B4 NOSCH MF,0,0,0,0,0,0,0,20240512,20240810
L1 SU,0,0,0,0,0,0,0,20240512,20240810
GN6 SCH MF,0,0,0,0,0,0,0,20240512,20240810
16B 1 SHO HSEO,0,0,0,0,0,0,0,20240512,20240810
R5 MF,0,0,0,0,0,0,0,20240512,20240810
GR4 MF,0,0,0,0,0,0,0,20240512,20240810
R4 MF,0,0,0,0,0,0,0,20240512,20240810
GN4 SU,0,0,0,0,0,0,0,20240512,20240810
3N 1N SHO HSEO,0,0,0,0,0,0,0,20240512,20240810
O3 MF,0,0,0,0,0,0,0,20240512,20240810
Y1 SU,0,0,0,0,0,0,0,20240512,20240810
GN1 SU,0,0,0,0,0,0,0,20240512,20240810
7W 2 SHOW MTTF,0,0,0,0,0,0,0,20240512,20240810
5W 2 SHOW MF,0,0,0,0,0,0,0,20240512,20240810
Y3 MF,0,0,0,0,0,0,0,20240512,20240810
5W 1 SHOW MF,0,0,0,0,0,0,0,20240512,20240810
7E 5E HSEO,0,0,0,0,0,0,0,20240512,20240810
GN4 MF,0,0,0,0,0,0,0,20240512,20240810
LN1 MF,0,0,0,0,0,0,0,20240512,20240810
Y2 SA,0,0,0,0,0,0,0,20240512,20240810
GN5 MF,0,0,0,0,0,0,0,20240512,20240810
7W 2 SHOW WED,0,0,0,0,0,0,0,20240512,20240810
16B 2 SHO HSEO,0,0,0,0,0,0,0,20240512,20240810
R1 MF,0,0,0,0,0,0,0,20240512,20240810
9A SHOW HSEO,0,0,0,0,0,0,0,20240512,20240810
7W 7E 5E MTTF,0,0,0,0,0,0,0,20240512,20240810
B4 SCH WED,0,0,0,0,0,0,0,20240512,20240810
GN3 SA,0,0,0,0,0,0,0,20240512,20240810
L2 SA,0,0,0,0,0,0,0,20240512,20240810
BA1 MF,0,0,0,0,0,0,0,20240512,20240810
G2 NON UI MF,0,0,0,0,0,0,0,20240512,20240810
ORANGE GREEN,0,0,0,0,0,0,0,20240512,20240810
R3 MF,0,0,0,0,0,0,0,20240512,20240810
